1 0.2578125 0.209375 0.18906250000000005 0.209375 0.18906250000000005 0.3359375 0.2578125 0.3359375
1 0.3890625 0.24062500000000003 0.340625 0.240625 0.340625 0.3296875 0.3890625 0.3296875000000001
1 0.4734375 0.22812500000000008 0.428125 0.22812500000000008 0.428125 0.3140625000000001 0.4734375 0.3140625000000001
1 0.575 0.2062500000000001 0.5140625 0.2062500000000001 0.5140625 0.3343750000000001 0.575 0.3343750000000001
1 0.7140625 0.2531250000000001 0.6703125 0.2531250000000001 0.6703125 0.34843750000000007 0.7140625 0.34843750000000007
1 0.84375 0.13281250000000008 0.7703125 0.13281250000000008 0.7703125 0.2750000000000001 0.84375 0.2750000000000001
1 0.9671875 0.2593750000000001 0.9140625 0.2593750000000001 0.9140625 0.3625000000000001 0.9671875 0.3625000000000001
1 0.8875 0.2640625000000001 0.8484375 0.2640625000000001 0.8484375 0.37187500000000007 0.8875 0.37187500000000007
2 0.8421875 0.5453125000000002 0.7625 0.5453125000000002 0.7625 0.6109375000000001 0.8421875 0.6109375000000001
2 0.22812500000000008 0.5578125 0.1468750000000001 0.5578125 0.1468750000000001 0.61875 0.22812500000000008 0.61875
2 0.55625 0.5765625 0.4875 0.5765625 0.4875 0.6453125 0.55625 0.6453125
2 0.4875 0.5390625 0.415625 0.5390625 0.415625 0.5984375 0.4875 0.5984375
2 0.9703125 0.5625000000000002 0.909375 0.5625000000000002 0.909375 0.6359375000000002 0.9703125 0.6359375000000002