1 0.10625 0.0015625000000000094 0.04375 0.0015625000000000055 0.043750000000000004 0.1140625 0.10625 0.1140625
1 0.253125 0.004687500000000027 0.18125 0.004687500000000022 0.18125 0.11718750000000003 0.253125 0.11718750000000004
1 0.340625 0.03437500000000004 0.2796875 0.03437500000000003 0.2796875 0.13437500000000005 0.340625 0.13437500000000005
1 0.4484375 0.05468750000000004 0.3734375 0.05468750000000004 0.3734375 0.18750000000000006 0.4484375 0.18750000000000006
1 0.63125 0.08750000000000006 0.55 0.08750000000000006 0.55 0.2140625000000001 0.63125 0.2140625000000001
1 0.5546875 6.429395695523605e-17 0.4953125 6.065828677026735e-17 0.4953125 0.09375000000000007 0.5546875 0.09375000000000007
1 0.6015625 7.051286648215619e-17 0.55 6.735557395310443e-17 0.55 0.10000000000000009 0.6015625 0.10000000000000009
1 0.7515625 0.03750000000000009 0.690625 0.03750000000000009 0.690625 0.1390625000000001 0.7515625 0.1390625000000001
1 0.7984375 0.001562500000000095 0.7515625 0.0015625000000000922 0.7515625 0.0984375000000001 0.7984375 0.0984375000000001
1 0.8734375 0.0609375000000001 0.809375 0.06093750000000009 0.809375 0.1593750000000001 0.8734375 0.1593750000000001
1 0.871875 0.1546875000000001 0.79375 0.1546875000000001 0.79375 0.2921875000000001 0.871875 0.2921875000000001
2 0.2093750000000001 0.4171875 0.12812500000000004 0.4171875 0.12812500000000004 0.5015625 0.2093750000000001 0.5015625