1 0.425 0.36718750000000006 0.3500000000000001 0.3671875 0.3500000000000001 0.453125 0.425 0.453125
1 0.20000000000000004 0.3375 0.13906250000000003 0.3375 0.13906250000000003 0.43125 0.2000000000000001 0.43125
1 0.765625 0.3937500000000001 0.7109375 0.3937500000000001 0.7109375 0.4703125000000001 0.765625 0.4703125000000002
1 0.7296875 0.33281250000000007 0.665625 0.33281250000000007 0.665625 0.4234375000000001 0.7296875 0.4234375000000002
1 0.85 0.3453125000000001 0.775 0.3453125000000001 0.775 0.4437500000000002 0.85 0.4437500000000002
1 0.90625 0.3359375000000001 0.8421875 0.3359375000000001 0.8421875 0.41718750000000016 0.90625 0.41718750000000016
1 0.74375 0.34062500000000007 0.7078125 0.34062500000000007 0.7078125 0.40312500000000007 0.74375 0.4031250000000002
1 0.5265625 0.3453125000000001 0.4828125 0.3453125000000001 0.4828125 0.4046875 0.5265625 0.4046875
1 0.35156250000000006 0.3171875 0.31875 0.3171875 0.31875000000000003 0.375 0.3515625000000001 0.375
1 0.24062500000000003 0.3109375 0.18750000000000006 0.3109375 0.18750000000000006 0.3671875 0.2406250000000001 0.3671875
1 0.14687500000000003 0.2953125 0.08750000000000005 0.2953125 0.08750000000000005 0.353125 0.14687500000000003 0.353125
1 0.19687500000000005 0.3421875 0.14218750000000005 0.3421875 0.14218750000000005 0.43125 0.19687500000000005 0.43125
2 0.3828125000000001 0.5953125 0.3140625000000001 0.5953125 0.3140625000000001 0.63125 0.3828125000000001 0.63125
2 0.4953125 0.5296875 0.440625 0.5296875 0.440625 0.5578125 0.4953125 0.5578125
2 0.7859375 0.6625000000000001 0.7078125 0.6625 0.7078125 0.6937500000000001 0.7859375 0.6937500000000002