1 0.5546875 0.4640625 0.5140625 0.4640625 0.5140625 0.553125 0.5546875 0.553125
1 0.5109375 0.4515625 0.471875 0.4515625 0.471875 0.5453125 0.5109375 0.5453125
1 0.78125 0.5468750000000001 0.7203125 0.546875 0.7203125 0.6656250000000001 0.78125 0.6656250000000001
1 1 0.4593750000000002 0.95 0.4593750000000002 0.95 0.6031250000000001 1 0.6031250000000001
2 0.0453125000000001 0.7734375 0.014062500000000094 0.7734375 0.014062500000000097 0.8203125 0.0453125000000001 0.8203125
2 0.45781250000000007 0.690625 0.403125 0.690625 0.40312500000000007 0.728125 0.4578125000000002 0.728125
2 0.6093750000000001 0.7234375 0.5515625 0.7234375 0.5515625000000001 0.7703125 0.6093750000000002 0.7703125
0 0.4421875 0.434375 0.4078125 0.434375 0.4078125 0.528125 0.4421875 0.528125
1 0.4140625 0.4546875 0.3812500000000001 0.4546875 0.3812500000000001 0.5375 0.4140625 0.5375
1 0.8390625 0.4343750000000002 0.7921875 0.4343750000000002 0.7921875 0.5296875000000002 0.8390625 0.5296875000000002
1 0.95 0.4750000000000002 0.9 0.4750000000000002 0.9 0.5625000000000002 0.95 0.5625000000000002
1 0.17812500000000003 0.421875 0.13125000000000003 0.421875 0.13125000000000003 0.515625 0.17812500000000003 0.515625
1 0.07031250000000007 0.46875 0.0062500000000000585 0.46875 0.006250000000000063 0.553125 0.07031250000000007 0.553125
1 0.2906250000000001 0.453125 0.2531250000000001 0.453125 0.2531250000000001 0.53125 0.2906250000000001 0.53125
1 0.2578125000000001 0.4046875 0.2093750000000001 0.4046875 0.2093750000000001 0.490625 0.2578125000000001 0.490625
1 0.3156250000000001 0.446875 0.2828125000000001 0.446875 0.2828125000000001 0.50625 0.3156250000000001 0.50625
1 0.3593750000000001 0.4796875 0.3109375000000001 0.4796875 0.3109375000000001 0.553125 0.3593750000000001 0.553125
1 0.3859375000000001 0.4203125 0.3421875000000001 0.4203125 0.3421875000000001 0.4859375 0.3859375000000001 0.4859375
1 0.6859375 0.484375 0.6515625 0.484375 0.6515625 0.54375 0.6859375 0.54375
1 0.621875 0.5125 0.5890625 0.5125 0.5890625 0.56875 0.621875 0.56875