1 0.515625 0.3890625000000001 0.453125 0.3890625000000001 0.453125 0.4875 0.515625 0.4875
0 0.24062500000000003 0.3625 0.19218750000000004 0.3625 0.19218750000000004 0.4421875 0.2406250000000001 0.4421875
1 0.7328125 0.35625000000000007 0.675 0.35625000000000007 0.675 0.44218750000000007 0.7328125 0.4421875000000002
0 0.6234375 0.3453125000000001 0.58125 0.3453125000000001 0.58125 0.4078125 0.6234375 0.4078125
1 0.16093750000000004 0.4078125 0.11562500000000005 0.4078125 0.11562500000000005 0.490625 0.16093750000000004 0.490625
1 0.403125 0.39062500000000006 0.3578125000000001 0.390625 0.3578125000000001 0.4765625 0.403125 0.4765625
1 0.31562500000000004 0.3296875 0.2734375 0.3296875 0.27343750000000006 0.4 0.3156250000000001 0.4
1 0.38750000000000007 0.31875000000000003 0.3546875 0.31875 0.35468750000000004 0.37031250000000004 0.38750000000000007 0.3703125000000001
0 0.5671875 0.3593750000000001 0.5296875 0.3593750000000001 0.5296875 0.43125 0.5671875 0.43125
1 0.4921875 0.3218750000000001 0.4578125 0.3218750000000001 0.4578125 0.3781250000000001 0.4921875 0.3781250000000001
1 0.825 0.3078125000000001 0.790625 0.3078125000000001 0.790625 0.3593750000000001 0.825 0.3593750000000001